version 1
nodes
  0 "static_prop" -1
end
skeleton
time 0
0 0.000000 0.000000 0.000000 0.000000 0.000000 0.000000
end
triangles
lamppost01d
0 -3.272300 -5.425000 39.414101 -0.857044 -0.515227 -0.004100 0.802800 -0.813100 1 0 1.000000 
0 -4.788200 -2.888200 37.500198 -0.857044 -0.515227 -0.004100 0.907000 -0.821800 1 0 1.000000 
0 -3.177000 -5.267000 -0.000400 -0.857044 -0.515227 -0.004100 0.804400 -0.992200 1 0 1.000000 
lamppost01d
0 1.273600 -0.768200 216.584396 0.949435 -0.313711 0.012600 0.676800 -0.007800 1 0 1.000000 
0 -0.768200 -1.273600 216.584396 -0.620789 -0.783786 0.017300 0.620900 -0.007800 1 0 1.000000 
0 1.514300 -2.510500 55.533199 0.153707 -0.987545 0.033602 0.703900 -0.739800 1 0 1.000000 
lamppost01d
0 -2.074400 -3.439100 43.773201 0.109596 -0.992962 0.044898 0.573400 -0.793300 1 0 1.000000 
0 1.514300 -2.510500 55.533199 0.153707 -0.987545 0.033602 0.703900 -0.739800 1 0 1.000000 
0 -0.768200 -1.273600 216.584396 -0.620789 -0.783786 0.017300 0.620900 -0.007800 1 0 1.000000 
lamppost01d
0 1.514300 -2.510500 55.533199 0.153707 -0.987545 0.033602 0.703900 -0.739800 1 0 1.000000 
0 -2.074400 -3.439100 43.773201 0.109596 -0.992962 0.044898 0.573400 -0.793300 1 0 1.000000 
0 2.074400 -3.439100 43.773201 0.000000 -0.996898 0.078700 0.724300 -0.793300 1 0 1.000000 
lamppost01d
0 3.272300 5.425000 39.414101 -0.000000 0.948863 -0.315688 0.767900 -0.813100 1 0 1.000000 
0 -2.888200 4.788200 37.500198 -0.000000 0.948863 -0.315688 0.543800 -0.821800 1 0 1.000000 
0 -3.272300 5.425000 39.414101 -0.000000 0.948863 -0.315688 0.529900 -0.813100 1 0 1.000000 
lamppost01d
0 -3.439100 2.074400 43.773201 -0.628265 0.628265 0.458874 0.379700 -0.793300 1 0 1.000000 
0 -2.074400 3.439100 43.773201 -0.628265 0.628265 0.458874 0.449900 -0.793300 1 0 1.000000 
0 -3.272300 5.425000 39.414101 -0.628265 0.628265 0.458874 0.470100 -0.813100 1 0 1.000000 
lamppost01d
0 -3.272300 5.425000 39.414101 -0.628265 0.628265 0.458874 0.470100 -0.813100 1 0 1.000000 
0 -5.425000 3.272300 39.414101 -0.628265 0.628265 0.458874 0.359400 -0.813100 1 0 1.000000 
0 -3.439100 2.074400 43.773201 -0.628265 0.628265 0.458874 0.379700 -0.793300 1 0 1.000000 
lamppost01d
0 -2.074400 -3.439100 43.773201 -0.628265 -0.628265 0.458874 0.823000 -0.793300 1 0 1.000000 
0 -3.439100 -2.074400 43.773201 -0.628265 -0.628265 0.458874 0.893200 -0.793300 1 0 1.000000 
0 -5.425000 -3.272300 39.414101 -0.628265 -0.628265 0.458874 0.913500 -0.813100 1 0 1.000000 
lamppost01d
0 -5.425000 -3.272300 39.414101 -0.628265 -0.628265 0.458874 0.913500 -0.813100 1 0 1.000000 
0 -3.272300 -5.425000 39.414101 -0.628265 -0.628265 0.458874 0.802800 -0.813100 1 0 1.000000 
0 -2.074400 -3.439100 43.773201 -0.628265 -0.628265 0.458874 0.823000 -0.793300 1 0 1.000000 
lamppost01d
0 -2.510500 -1.514300 55.533199 -0.858689 -0.509893 0.051599 0.883800 -0.739800 1 0 1.000000 
0 -2.074400 -3.439100 43.773201 -0.858689 -0.509893 0.051599 0.823000 -0.793300 1 0 1.000000 
0 -0.768200 -1.273600 216.584396 -0.958973 -0.283292 0.010800 0.840800 -0.012500 1 0 1.000000 
lamppost01d
0 -2.074400 -3.439100 43.773201 -0.858689 -0.509893 0.051599 0.823000 -0.793300 1 0 1.000000 
0 -2.510500 -1.514300 55.533199 -0.858689 -0.509893 0.051599 0.883800 -0.739800 1 0 1.000000 
0 -3.439100 -2.074400 43.773201 -0.704288 -0.704288 0.089198 0.893200 -0.793300 1 0 1.000000 
lamppost01d
0 2.074400 3.439100 43.773201 0.628265 0.628265 0.458874 0.823000 -0.793300 1 0 1.000000 
0 3.439100 2.074400 43.773201 0.628265 0.628265 0.458874 0.893200 -0.793300 1 0 1.000000 
0 5.425000 3.272300 39.414101 0.628265 0.628265 0.458874 0.913500 -0.813100 1 0 1.000000 
lamppost01d
0 5.425000 3.272300 39.414101 0.628265 0.628265 0.458874 0.913500 -0.813100 1 0 1.000000 
0 3.272300 5.425000 39.414101 0.628265 0.628265 0.458874 0.802800 -0.813100 1 0 1.000000 
0 2.074400 3.439100 43.773201 0.628265 0.628265 0.458874 0.823000 -0.793300 1 0 1.000000 
lamppost01d
0 1.273600 -0.768200 216.584396 0.000000 0.000000 1.000000 0.370700 -0.729800 1 0 1.000000 
0 0.768200 1.273600 216.584396 0.000000 0.000000 1.000000 0.352300 -0.739100 1 0 1.000000 
0 -0.768200 1.273600 216.584396 0.000000 0.000000 1.000000 0.296400 -0.739100 1 0 1.000000 
lamppost01d
0 -0.768200 1.273600 216.584396 0.000000 0.000000 1.000000 0.296400 -0.739100 1 0 1.000000 
0 -0.768200 -1.273600 216.584396 0.000000 0.000000 1.000000 0.296400 -0.727500 1 0 1.000000 
0 1.273600 -0.768200 216.584396 0.000000 0.000000 1.000000 0.370700 -0.729800 1 0 1.000000 
lamppost01d
0 -5.425000 3.272300 39.414101 -0.910003 -0.000000 0.414601 0.324500 -0.813100 1 0 1.000000 
0 -5.425000 -3.272300 39.414101 -0.910003 -0.000000 0.414601 0.086500 -0.813100 1 0 1.000000 
0 -3.439100 -2.074400 43.773201 -0.910003 -0.000000 0.414601 0.130100 -0.793300 1 0 1.000000 
lamppost01d
0 -3.439100 -2.074400 43.773201 -0.910003 -0.000000 0.414601 0.130100 -0.793300 1 0 1.000000 
0 -3.439100 2.074400 43.773201 -0.910003 -0.000000 0.414601 0.280900 -0.793300 1 0 1.000000 
0 -5.425000 3.272300 39.414101 -0.910003 -0.000000 0.414601 0.324500 -0.813100 1 0 1.000000 
lamppost01d
0 -2.074400 3.439100 43.773201 -0.000000 0.910003 0.414601 0.573400 -0.793300 1 0 1.000000 
0 2.074400 3.439100 43.773201 -0.000000 0.910003 0.414601 0.724300 -0.793300 1 0 1.000000 
0 3.272300 5.425000 39.414101 -0.000000 0.910003 0.414601 0.767900 -0.813100 1 0 1.000000 
lamppost01d
0 3.272300 5.425000 39.414101 -0.000000 0.910003 0.414601 0.767900 -0.813100 1 0 1.000000 
0 -3.272300 5.425000 39.414101 -0.000000 0.910003 0.414601 0.529900 -0.813100 1 0 1.000000 
0 -2.074400 3.439100 43.773201 -0.000000 0.910003 0.414601 0.573400 -0.793300 1 0 1.000000 
lamppost01d
0 -4.788200 -2.888200 37.500198 -0.999319 0.036101 0.007600 0.100500 -0.821800 1 0 1.000000 
0 -5.425000 3.272300 39.414101 -0.994808 -0.101701 -0.003700 0.324500 -0.813100 1 0 1.000000 
0 -5.267000 3.177000 -0.000400 -1.000000 -0.000000 0.000000 0.321000 -0.992200 1 0 1.000000 
lamppost01d
0 -5.267000 3.177000 -0.000400 -1.000000 -0.000000 0.000000 0.321000 -0.992200 1 0 1.000000 
0 -5.267000 -3.177000 -0.000400 -1.000000 -0.000000 0.000000 0.090000 -0.992200 1 0 1.000000 
0 -4.788200 -2.888200 37.500198 -0.999319 0.036101 0.007600 0.100500 -0.821800 1 0 1.000000 
lamppost01d
0 3.177000 5.267000 -0.000500 -0.000000 1.000000 0.000000 0.764400 -0.992200 1 0 1.000000 
0 -3.177000 5.267000 -0.000400 -0.000000 1.000000 0.000000 0.533300 -0.992200 1 0 1.000000 
0 -2.888200 4.788200 37.500198 0.036101 0.999319 0.007600 0.543800 -0.821800 1 0 1.000000 
lamppost01d
0 -2.888200 4.788200 37.500198 0.036101 0.999319 0.007600 0.543800 -0.821800 1 0 1.000000 
0 3.272300 5.425000 39.414101 -0.096602 0.995116 -0.020300 0.767900 -0.813100 1 0 1.000000 
0 3.177000 5.267000 -0.000500 -0.000000 1.000000 0.000000 0.764400 -0.992200 1 0 1.000000 
lamppost01d
0 2.510500 1.514300 55.533199 0.706515 0.706515 0.040901 0.883800 -0.739800 1 0 1.000000 
0 1.514300 2.510500 55.533199 0.705611 0.705611 0.065001 0.832500 -0.739800 1 0 1.000000 
0 0.768200 1.273600 216.584396 0.707080 0.707080 0.008700 0.840800 -0.012500 1 0 1.000000 
lamppost01d
0 1.514300 2.510500 55.533199 0.705611 0.705611 0.065001 0.832500 -0.739800 1 0 1.000000 
0 2.510500 1.514300 55.533199 0.706515 0.706515 0.040901 0.883800 -0.739800 1 0 1.000000 
0 3.439100 2.074400 43.773201 0.704288 0.704288 0.089198 0.893200 -0.793300 1 0 1.000000 
lamppost01d
0 3.439100 2.074400 43.773201 0.704288 0.704288 0.089198 0.893200 -0.793300 1 0 1.000000 
0 2.074400 3.439100 43.773201 0.704288 0.704288 0.089198 0.823000 -0.793300 1 0 1.000000 
0 1.514300 2.510500 55.533199 0.705611 0.705611 0.065001 0.832500 -0.739800 1 0 1.000000 
lamppost01d
0 -5.425000 3.272300 39.414101 -0.661611 0.661611 -0.352906 0.359400 -0.813100 1 0 1.000000 
0 -3.272300 5.425000 39.414101 -0.661611 0.661611 -0.352906 0.470100 -0.813100 1 0 1.000000 
0 -2.888200 4.788200 37.500198 -0.661611 0.661611 -0.352906 0.463600 -0.821800 1 0 1.000000 
lamppost01d
0 -1.514300 2.510500 55.533199 -0.706515 0.706515 0.040901 0.440400 -0.739800 1 0 1.000000 
0 -2.510500 1.514300 55.533199 -0.705611 0.705611 0.065001 0.389200 -0.739800 1 0 1.000000 
0 -0.768200 1.273600 216.584396 -0.707080 0.707080 0.008700 0.427800 -0.007800 1 0 1.000000 
lamppost01d
0 -2.510500 1.514300 55.533199 -0.705611 0.705611 0.065001 0.389200 -0.739800 1 0 1.000000 
0 -1.514300 2.510500 55.533199 -0.706515 0.706515 0.040901 0.440400 -0.739800 1 0 1.000000 
0 -2.074400 3.439100 43.773201 -0.704288 0.704288 0.089198 0.449900 -0.793300 1 0 1.000000 
lamppost01d
0 -2.074400 3.439100 43.773201 -0.704288 0.704288 0.089198 0.449900 -0.793300 1 0 1.000000 
0 -3.439100 2.074400 43.773201 -0.704288 0.704288 0.089198 0.379700 -0.793300 1 0 1.000000 
0 -2.510500 1.514300 55.533199 -0.705611 0.705611 0.065001 0.389200 -0.739800 1 0 1.000000 
lamppost01d
0 4.788200 -2.888200 37.500198 0.948863 0.000000 -0.315688 0.100500 -0.821800 1 0 1.000000 
0 5.425000 3.272300 39.414101 0.948863 0.000000 -0.315688 0.324500 -0.813100 1 0 1.000000 
0 5.425000 -3.272300 39.414101 0.948863 0.000000 -0.315688 0.086500 -0.813100 1 0 1.000000 
lamppost01d
0 1.514300 -2.510500 55.533199 0.705611 -0.705611 0.065001 0.389200 -0.739800 1 0 1.000000 
0 2.510500 -1.514300 55.533199 0.706515 -0.706515 0.040901 0.440400 -0.739800 1 0 1.000000 
0 1.273600 -0.768200 216.584396 0.707080 -0.707080 0.008700 0.427800 -0.007800 1 0 1.000000 
lamppost01d
0 2.510500 -1.514300 55.533199 0.706515 -0.706515 0.040901 0.440400 -0.739800 1 0 1.000000 
0 1.514300 -2.510500 55.533199 0.705611 -0.705611 0.065001 0.389200 -0.739800 1 0 1.000000 
0 3.439100 -2.074400 43.773201 0.704288 -0.704288 0.089198 0.449900 -0.793300 1 0 1.000000 
lamppost01d
0 2.074400 -3.439100 43.773201 0.704288 -0.704288 0.089198 0.379700 -0.793300 1 0 1.000000 
0 3.439100 -2.074400 43.773201 0.704288 -0.704288 0.089198 0.449900 -0.793300 1 0 1.000000 
0 1.514300 -2.510500 55.533199 0.705611 -0.705611 0.065001 0.389200 -0.739800 1 0 1.000000 
lamppost01d
0 2.074400 3.439100 43.773201 -0.000000 0.996898 0.078700 0.724300 -0.793300 1 0 1.000000 
0 -2.074400 3.439100 43.773201 -0.000000 0.996898 0.078700 0.573400 -0.793300 1 0 1.000000 
0 -1.514300 2.510500 55.533199 -0.000000 0.998351 0.057397 0.593800 -0.739800 1 0 1.000000 
lamppost01d
0 -1.514300 2.510500 55.533199 -0.000000 0.998351 0.057397 0.593800 -0.739800 1 0 1.000000 
0 1.514300 2.510500 55.533199 -0.000000 0.999348 0.036102 0.703900 -0.739800 1 0 1.000000 
0 2.074400 3.439100 43.773201 -0.000000 0.996898 0.078700 0.724300 -0.793300 1 0 1.000000 
lamppost01d
0 1.514300 2.510500 55.533199 -0.000000 0.999348 0.036102 0.703900 -0.739800 1 0 1.000000 
0 -1.514300 2.510500 55.533199 -0.000000 0.998351 0.057397 0.593800 -0.739800 1 0 1.000000 
0 -0.768200 1.273600 216.584396 -0.447183 0.894366 0.011700 0.620900 -0.007800 1 0 1.000000 
lamppost01d
0 -0.768200 1.273600 216.584396 -0.447183 0.894366 0.011700 0.620900 -0.007800 1 0 1.000000 
0 0.768200 1.273600 216.584396 0.616311 0.787414 0.011800 0.676800 -0.007800 1 0 1.000000 
0 1.514300 2.510500 55.533199 -0.000000 0.999348 0.036102 0.703900 -0.739800 1 0 1.000000 
lamppost01d
0 0.768200 1.273600 216.584396 0.616311 0.787414 0.011800 0.233400 -0.007800 1 0 1.000000 
0 1.273600 -0.768200 216.584396 0.949435 -0.313711 0.012600 0.177600 -0.007800 1 0 1.000000 
0 2.510500 1.514300 55.533199 0.999348 0.000000 0.036102 0.260600 -0.739800 1 0 1.000000 
lamppost01d
0 2.510500 -1.514300 55.533199 0.998351 0.000000 0.057397 0.150400 -0.739800 1 0 1.000000 
0 2.510500 1.514300 55.533199 0.999348 0.000000 0.036102 0.260600 -0.739800 1 0 1.000000 
0 1.273600 -0.768200 216.584396 0.949435 -0.313711 0.012600 0.177600 -0.007800 1 0 1.000000 
lamppost01d
0 2.510500 1.514300 55.533199 0.999348 0.000000 0.036102 0.260600 -0.739800 1 0 1.000000 
0 2.510500 -1.514300 55.533199 0.998351 0.000000 0.057397 0.150400 -0.739800 1 0 1.000000 
0 3.439100 2.074400 43.773201 0.996898 0.000000 0.078700 0.280900 -0.793300 1 0 1.000000 
lamppost01d
0 3.439100 -2.074400 43.773201 0.996898 0.000000 0.078700 0.130100 -0.793300 1 0 1.000000 
0 3.439100 2.074400 43.773201 0.996898 0.000000 0.078700 0.280900 -0.793300 1 0 1.000000 
0 2.510500 -1.514300 55.533199 0.998351 0.000000 0.057397 0.150400 -0.739800 1 0 1.000000 
lamppost01d
0 5.425000 -3.272300 39.414101 0.661611 -0.661611 -0.352906 0.470100 -0.813100 1 0 1.000000 
0 3.272300 -5.425000 39.414101 0.661611 -0.661611 -0.352906 0.359400 -0.813100 1 0 1.000000 
0 4.788200 -2.888200 37.500198 0.661611 -0.661611 -0.352906 0.463600 -0.821800 1 0 1.000000 
lamppost01d
0 -0.768200 -1.273600 216.584396 -0.620789 -0.783786 0.017300 0.177600 -0.007800 1 0 1.000000 
0 -0.768200 1.273600 216.584396 -0.447183 0.894366 0.011700 0.233400 -0.007800 1 0 1.000000 
0 -2.510500 1.514300 55.533199 -0.999348 -0.000000 0.036102 0.260600 -0.739800 1 0 1.000000 
lamppost01d
0 -2.510500 1.514300 55.533199 -0.999348 -0.000000 0.036102 0.260600 -0.739800 1 0 1.000000 
0 -2.510500 -1.514300 55.533199 -0.998351 -0.000000 0.057397 0.150400 -0.739800 1 0 1.000000 
0 -0.768200 -1.273600 216.584396 -0.620789 -0.783786 0.017300 0.177600 -0.007800 1 0 1.000000 
lamppost01d
0 -2.510500 -1.514300 55.533199 -0.998351 -0.000000 0.057397 0.150400 -0.739800 1 0 1.000000 
0 -2.510500 1.514300 55.533199 -0.999348 -0.000000 0.036102 0.260600 -0.739800 1 0 1.000000 
0 -3.439100 2.074400 43.773201 -0.996898 -0.000000 0.078700 0.280900 -0.793300 1 0 1.000000 
lamppost01d
0 -3.439100 2.074400 43.773201 -0.996898 -0.000000 0.078700 0.280900 -0.793300 1 0 1.000000 
0 -3.439100 -2.074400 43.773201 -0.996898 -0.000000 0.078700 0.130100 -0.793300 1 0 1.000000 
0 -2.510500 -1.514300 55.533199 -0.998351 -0.000000 0.057397 0.150400 -0.739800 1 0 1.000000 
lamppost01d
0 3.272300 -5.425000 39.414101 0.000000 -0.999992 -0.004000 0.767900 -0.813100 1 0 1.000000 
0 -3.272300 -5.425000 39.414101 0.000000 -0.999992 -0.004000 0.529900 -0.813100 1 0 1.000000 
0 3.177000 -5.267000 -0.000500 0.000000 -1.000000 0.000000 0.764400 -0.992200 1 0 1.000000 
lamppost01d
0 -3.177000 -5.267000 -0.000400 0.000000 -1.000000 0.000000 0.533300 -0.992200 1 0 1.000000 
0 3.177000 -5.267000 -0.000500 0.000000 -1.000000 0.000000 0.764400 -0.992200 1 0 1.000000 
0 -3.272300 -5.425000 39.414101 0.000000 -0.999992 -0.004000 0.529900 -0.813100 1 0 1.000000 
lamppost01d
0 5.267000 -3.177000 -0.000500 1.000000 0.000000 0.000000 0.090000 -0.992200 1 0 1.000000 
0 5.267000 3.177000 -0.000500 1.000000 0.000000 0.000000 0.321000 -0.992200 1 0 1.000000 
0 4.788200 -2.888200 37.500198 0.999319 0.036101 0.007600 0.100500 -0.821800 1 0 1.000000 
lamppost01d
0 5.425000 3.272300 39.414101 0.994808 -0.101701 -0.003700 0.324500 -0.813100 1 0 1.000000 
0 4.788200 -2.888200 37.500198 0.999319 0.036101 0.007600 0.100500 -0.821800 1 0 1.000000 
0 5.267000 3.177000 -0.000500 1.000000 0.000000 0.000000 0.321000 -0.992200 1 0 1.000000 
lamppost01d
0 5.425000 -3.272300 39.414101 0.910003 0.000000 0.414601 0.086500 -0.813100 1 0 1.000000 
0 5.425000 3.272300 39.414101 0.910003 0.000000 0.414601 0.324500 -0.813100 1 0 1.000000 
0 3.439100 -2.074400 43.773201 0.910003 0.000000 0.414601 0.130100 -0.793300 1 0 1.000000 
lamppost01d
0 3.439100 2.074400 43.773201 0.910003 0.000000 0.414601 0.280900 -0.793300 1 0 1.000000 
0 3.439100 -2.074400 43.773201 0.910003 0.000000 0.414601 0.130100 -0.793300 1 0 1.000000 
0 5.425000 3.272300 39.414101 0.910003 0.000000 0.414601 0.324500 -0.813100 1 0 1.000000 
lamppost01d
0 2.074400 -3.439100 43.773201 0.000000 -0.910003 0.414601 0.724300 -0.793300 1 0 1.000000 
0 -2.074400 -3.439100 43.773201 0.000000 -0.910003 0.414601 0.573400 -0.793300 1 0 1.000000 
0 3.272300 -5.425000 39.414101 0.000000 -0.910003 0.414601 0.767900 -0.813100 1 0 1.000000 
lamppost01d
0 -3.272300 -5.425000 39.414101 0.000000 -0.910003 0.414601 0.529900 -0.813100 1 0 1.000000 
0 3.272300 -5.425000 39.414101 0.000000 -0.910003 0.414601 0.767900 -0.813100 1 0 1.000000 
0 -2.074400 -3.439100 43.773201 0.000000 -0.910003 0.414601 0.573400 -0.793300 1 0 1.000000 
lamppost01d
0 3.272300 -5.425000 39.414101 0.628265 -0.628265 0.458874 0.359400 -0.813100 1 0 1.000000 
0 5.425000 -3.272300 39.414101 0.628265 -0.628265 0.458874 0.470100 -0.813100 1 0 1.000000 
0 2.074400 -3.439100 43.773201 0.628265 -0.628265 0.458874 0.379700 -0.793300 1 0 1.000000 
lamppost01d
0 3.439100 -2.074400 43.773201 0.628265 -0.628265 0.458874 0.449900 -0.793300 1 0 1.000000 
0 2.074400 -3.439100 43.773201 0.628265 -0.628265 0.458874 0.379700 -0.793300 1 0 1.000000 
0 5.425000 -3.272300 39.414101 0.628265 -0.628265 0.458874 0.470100 -0.813100 1 0 1.000000 
lamppost01d
0 3.272300 5.425000 39.414101 0.707099 0.707100 -0.004500 0.802800 -0.813100 1 0 1.000000 
0 5.425000 3.272300 39.414101 0.707099 0.707100 -0.004500 0.913500 -0.813100 1 0 1.000000 
0 3.177000 5.267000 -0.000500 0.707107 0.707107 0.000000 0.804400 -0.992200 1 0 1.000000 
lamppost01d
0 5.267000 3.177000 -0.000500 0.707107 0.707107 0.000000 0.911900 -0.992200 1 0 1.000000 
0 3.177000 5.267000 -0.000500 0.707107 0.707107 0.000000 0.804400 -0.992200 1 0 1.000000 
0 5.425000 3.272300 39.414101 0.707099 0.707100 -0.004500 0.913500 -0.813100 1 0 1.000000 
lamppost01d
0 4.788200 -2.888200 37.500198 0.857044 -0.515226 -0.004100 0.463600 -0.821800 1 0 1.000000 
0 3.272300 -5.425000 39.414101 0.857044 -0.515226 -0.004100 0.359400 -0.813100 1 0 1.000000 
0 3.177000 -5.267000 -0.000500 0.857044 -0.515226 -0.004100 0.361000 -0.992200 1 0 1.000000 
lamppost01d
0 -3.272300 -5.425000 39.414101 -0.661611 -0.661611 -0.352906 0.802800 -0.813100 1 0 1.000000 
0 -5.425000 -3.272300 39.414101 -0.661611 -0.661611 -0.352906 0.913500 -0.813100 1 0 1.000000 
0 -4.788200 -2.888200 37.500198 -0.661611 -0.661611 -0.352906 0.907000 -0.821800 1 0 1.000000 
lamppost01d
0 -5.425000 3.272300 39.414101 -0.515227 0.857044 -0.004100 0.359400 -0.813100 1 0 1.000000 
0 -2.888200 4.788200 37.500198 -0.515227 0.857044 -0.004100 0.463600 -0.821800 1 0 1.000000 
0 -5.267000 3.177000 -0.000400 -0.515227 0.857044 -0.004100 0.361000 -0.992200 1 0 1.000000 
lamppost01d
0 -5.425000 3.272300 39.414101 -0.948863 -0.000000 -0.315688 0.324500 -0.813100 1 0 1.000000 
0 -4.788200 -2.888200 37.500198 -0.948863 -0.000000 -0.315688 0.100500 -0.821800 1 0 1.000000 
0 -5.425000 -3.272300 39.414101 -0.948863 -0.000000 -0.315688 0.086500 -0.813100 1 0 1.000000 
lamppost01d
0 -3.177000 5.267000 -0.000400 -0.707107 0.707107 0.000000 0.468500 -0.992200 1 0 1.000000 
0 -5.267000 3.177000 -0.000400 -0.707107 0.707107 0.000000 0.361000 -0.992200 1 0 1.000000 
0 -2.888200 4.788200 37.500198 -0.707107 0.707107 0.000000 0.463600 -0.821800 1 0 1.000000 
lamppost01d
0 3.177000 -5.267000 -0.000500 0.707107 -0.707107 0.000000 0.361000 -0.992200 1 0 1.000000 
0 5.267000 -3.177000 -0.000500 0.707107 -0.707107 0.000000 0.468500 -0.992200 1 0 1.000000 
0 4.788200 -2.888200 37.500198 0.707107 -0.707107 0.000000 0.463600 -0.821800 1 0 1.000000 
lamppost01d
0 -5.267000 -3.177000 -0.000400 -0.707107 -0.707107 0.000000 0.911900 -0.992200 1 0 1.000000 
0 -3.177000 -5.267000 -0.000400 -0.707107 -0.707107 0.000000 0.804400 -0.992200 1 0 1.000000 
0 -4.788200 -2.888200 37.500198 -0.707107 -0.707107 0.000000 0.907000 -0.821800 1 0 1.000000 
end
