version 1
nodes
  0 "static_prop" -1
end
skeleton
time 0
0 0.000000 0.000000 0.000000 0.000000 0.000000 0.000000
end
triangles
light_decklight
0 0.778000 0.279900 -10.011100 -0.308989 0.951066 0.000000 0.356000 -0.175400 1 0 1.000000 
0 -0.773200 -0.224200 -5.754700 -0.308989 0.951066 0.000000 0.003300 -0.025300 1 0 1.000000 
0 0.778000 0.279900 -5.754700 -0.308989 0.951066 0.000000 0.003300 -0.175400 1 0 1.000000 
light_decklight
0 -0.773200 -0.224200 -10.011100 0.308989 -0.951066 0.000000 0.356000 -0.325600 1 0 1.000000 
0 0.778000 0.279900 -5.754700 0.308989 -0.951066 0.000000 0.003300 -0.175400 1 0 1.000000 
0 -0.773200 -0.224200 -5.754700 0.832066 0.554677 0.000000 0.003300 -0.325600 1 0 1.000000 
light_decklight
0 -0.773200 -0.224200 -10.011100 0.308989 -0.951066 0.000000 0.356000 -0.325600 1 0 1.000000 
0 0.778000 0.279900 -10.011100 0.000000 0.000000 1.000000 0.356000 -0.175400 1 0 1.000000 
0 0.778000 0.279900 -5.754700 0.308989 -0.951066 0.000000 0.003300 -0.175400 1 0 1.000000 
light_decklight
0 0.778000 0.279900 -10.011100 0.000000 0.000000 1.000000 0.356000 -0.175400 1 0 1.000000 
0 -0.773200 -0.224200 -10.011100 0.308989 -0.951066 0.000000 0.356000 -0.025300 1 0 1.000000 
0 -0.773200 -0.224200 -5.754700 0.832066 0.554677 0.000000 0.003300 -0.025300 1 0 1.000000 
light_decklight
0 1.123200 -6.436400 -5.787200 -0.000000 1.000000 0.000000 0.093600 -0.285300 1 0 1.000000 
0 -1.062100 -6.436400 -5.787200 -0.000000 1.000000 0.000000 0.293200 -0.328300 1 0 1.000000 
0 2.711600 -6.436400 -0.490000 -0.000000 1.000000 0.000000 0.145200 -0.025100 1 0 1.000000 
light_decklight
0 -1.062100 -6.436400 -5.787200 -0.000000 1.000000 0.000000 0.293200 -0.328300 1 0 1.000000 
0 1.123200 -6.436400 -5.787200 -0.000000 1.000000 0.000000 0.093600 -0.285300 1 0 1.000000 
0 2.711600 -6.436400 -0.490000 -0.000000 1.000000 0.000000 0.145200 -0.025100 1 0 1.000000 
light_decklight
0 1.123200 6.404500 -5.787200 0.894427 0.000000 0.447214 0.090600 -0.304700 1 0 1.000000 
0 -0.971900 6.060100 -5.422200 0.894427 0.000000 0.447214 0.287700 -0.347200 1 0 1.000000 
0 2.711600 6.060100 -0.490000 0.894427 0.000000 0.447214 0.145200 -0.025100 1 0 1.000000 
light_decklight
0 -0.971900 6.060100 -5.422200 0.894427 0.000000 0.447214 0.287700 -0.347200 1 0 1.000000 
0 1.123200 6.404500 -5.787200 0.894427 0.000000 0.447214 0.090600 -0.304700 1 0 1.000000 
0 2.711600 6.060100 -0.490000 0.894427 0.000000 0.447214 0.145200 -0.025100 1 0 1.000000 
light_decklight
0 1.240200 2.440300 -5.422200 0.102899 0.000000 0.994692 0.308700 -0.172700 1 0 1.000000 
0 -1.062100 1.520300 -5.787200 -0.086801 0.024800 -0.995917 0.380400 -0.078500 1 0 1.000000 
0 1.123200 6.404500 -5.787200 0.150697 0.092098 -0.984280 0.000000 -0.168800 1 0 1.000000 
light_decklight
0 1.123200 6.404500 -5.787200 0.150697 0.092098 -0.984280 0.000000 -0.168800 1 0 1.000000 
0 -0.971900 6.060100 -5.422200 -0.153098 0.099499 0.983189 0.000000 -0.078500 1 0 1.000000 
0 1.240200 2.440300 -5.422200 0.102899 0.000000 0.994692 0.308700 -0.172700 1 0 1.000000 
light_decklight
0 -0.971900 6.060100 -5.422200 -0.153098 0.099499 0.983189 0.000000 -0.078500 1 0 1.000000 
0 1.123200 6.404500 -5.787200 0.150697 0.092098 -0.984280 0.000000 -0.168800 1 0 1.000000 
0 -1.062100 1.520300 -5.787200 -0.086801 0.024800 -0.995917 0.380400 -0.078500 1 0 1.000000 
light_decklight
0 -1.062100 1.520300 -5.787200 -0.086801 0.024800 -0.995917 0.380400 -0.078500 1 0 1.000000 
0 1.240200 2.440300 -5.422200 0.102899 0.000000 0.994692 0.308700 -0.172700 1 0 1.000000 
0 -0.971900 6.060100 -5.422200 -0.153098 0.099499 0.983189 0.000000 -0.078500 1 0 1.000000 
light_decklight
0 1.240200 2.440300 -5.422200 0.102899 0.000000 0.994692 0.308700 -0.172700 1 0 1.000000 
0 1.901600 -2.412300 -5.634200 0.419213 -0.900727 0.113803 0.686600 -0.196600 1 0 1.000000 
0 -1.062100 1.520300 -5.787200 -0.086801 0.024800 -0.995917 0.380400 -0.078500 1 0 1.000000 
light_decklight
0 1.901600 -2.412300 -5.634200 0.419213 -0.900727 0.113803 0.686600 -0.196600 1 0 1.000000 
0 1.240200 2.440300 -5.422200 0.102899 0.000000 0.994692 0.308700 -0.172700 1 0 1.000000 
0 -0.971900 -1.492300 -5.422200 -0.998584 0.009200 -0.052399 0.615000 -0.081300 1 0 1.000000 
light_decklight
0 -0.971900 -1.492300 -5.422200 -0.998584 0.009200 -0.052399 0.615000 -0.081300 1 0 1.000000 
0 -1.062100 -6.436400 -5.787200 0.049701 -0.038800 0.998010 0.973800 -0.081300 1 0 1.000000 
0 1.901600 -2.412300 -5.634200 0.419213 -0.900727 0.113803 0.686600 -0.196600 1 0 1.000000 
light_decklight
0 -1.062100 -6.436400 -5.787200 0.049701 -0.038800 0.998010 0.973800 -0.081300 1 0 1.000000 
0 -0.971900 -1.492300 -5.422200 -0.998584 0.009200 -0.052399 0.615000 -0.081300 1 0 1.000000 
0 1.123200 -6.436400 -5.787200 -0.057802 0.084702 -0.994728 0.973800 -0.172700 1 0 1.000000 
light_decklight
0 1.123200 -6.436400 -5.787200 -0.057802 0.084702 -0.994728 0.973800 -0.172700 1 0 1.000000 
0 1.901600 -2.412300 -5.634200 0.419213 -0.900727 0.113803 0.686600 -0.196600 1 0 1.000000 
0 -1.062100 -6.436400 -5.787200 0.049701 -0.038800 0.998010 0.973800 -0.081300 1 0 1.000000 
light_decklight
0 1.901600 -2.412300 -5.634200 0.419213 -0.900727 0.113803 0.686600 -0.196600 1 0 1.000000 
0 1.123200 -6.436400 -5.787200 -0.057802 0.084702 -0.994728 0.973800 -0.172700 1 0 1.000000 
0 -0.971900 -1.492300 -5.422200 -0.998584 0.009200 -0.052399 0.615000 -0.081300 1 0 1.000000 
light_decklight
0 -1.062100 1.520300 -5.787200 -0.086801 0.024800 -0.995917 0.380400 -0.078500 1 0 1.000000 
0 -0.971900 -1.492300 -5.422200 -0.998584 0.009200 -0.052399 0.615000 -0.081300 1 0 1.000000 
0 1.240200 2.440300 -5.422200 0.102899 0.000000 0.994692 0.308700 -0.172700 1 0 1.000000 
light_decklight
0 -0.971900 -1.492300 -5.422200 -0.998584 0.009200 -0.052399 0.615000 -0.081300 1 0 1.000000 
0 -1.062100 1.520300 -5.787200 -0.086801 0.024800 -0.995917 0.380400 -0.078500 1 0 1.000000 
0 1.901600 -2.412300 -5.634200 0.419213 -0.900727 0.113803 0.686600 -0.196600 1 0 1.000000 
end
